Record Nn' Vn' Fn' On'  Nv   Vv  Fv' Ov' No' Vo' Fo'  Q Se   Q +P   V Se   V +P  V FPR
 100   647   0   0   3   0    0   0   0  46   0   0  93.36  99.54      -      -  0.000
 101   796   0   0   0   0    0   0   0   1   0   0  99.87 100.00      -      -  0.000
 102   683   0   0   0   0    0   0   0   2   0   0  99.71 100.00      -      -  0.000
 103   705   0   0   0   0    0   0   0   2   0   0  99.72 100.00      -      -  0.000
 104   719   0   0   1   0    0   0   0   1   0   0  99.86  99.86      -      -  0.000
 105   722   0   0   1   0    0   0   0   2   0   0  99.72  99.86      -      -  0.000
 106   885   0   0   1   0    0   0   0   3   0   0  99.66  99.89      -      -  0.000
 107   754   0   0   1   0    0   0   0   3   0   0  99.60  99.87      -      -  0.000
 108   906   0   0   0   0    0   0   0   1   0   0  99.89 100.00      -      -  0.000
 109   653   0   0   0   0    0   0   0   2   0   0  99.69 100.00      -      -  0.000
 110   734   0   0   0   0    0   0   0   1   0   0  99.86 100.00      -      -  0.000
 111   686   0   0   0   0    0   0   0   4   0   0  99.42 100.00      -      -  0.000
 112   677   0   0   0   0    0   0   0  29   1   0  95.76 100.00   0.00      -  0.000
 113   655   0   0   5   0    0   0   0  10   0   0  98.50  99.24      -      -  0.000
 114   623   0   0   1   0    0   0   0   8   0   0  98.73  99.84      -      -  0.000
 115   647   0   0   0   0    0   0   0   1   0   0  99.85 100.00      -      -  0.000
 116   167   0   0   0   0    0   0   0   2   0   0  98.82 100.00      -      -  0.000
 117   866   0   0   0   0    0   0   0   2   0   0  99.77 100.00      -      -  0.000
 118   549   0   0   3   0    0   0   0   2   0   0  99.64  99.46      -      -  0.000
 119   739   0   0   0   0    0   0   0   2   0   0  99.73 100.00      -      -  0.000
 120   720   0   0   0   0    0   0   0   2   0   0  99.72 100.00      -      -  0.000
 121   882   0   0   0   0    0   0   0   1   0   0  99.89 100.00      -      -  0.000
 122   627   0   0   1   0    0   0   0   4   0   0  99.37  99.84      -      -  0.000
 123   733   0   0   0   0    0   0   0   1   0   0  99.86 100.00      -      -  0.000
 124   756   0   0   5   0    0   0   0  31   0   0  96.06  99.34      -      -  0.000
 125   720   0   0   0   0    0   0   0   1   0   0  99.86 100.00      -      -  0.000
 126   633   0   0   0   0    0   0   0   2   0   0  99.69 100.00      -      -  0.000
 127   734   1   0   1   0    0   0   0   2   1   0  99.59  99.86   0.00      -  0.000
 128   799   0   0   0   0    0   0   0   1   0   0  99.88 100.00      -      -  0.000
 129   683   0   0   0   0    0   0   0   2   0   0  99.71 100.00      -      -  0.000
 130   837   0   0   0   0    0   0   0   1   0   0  99.88 100.00      -      -  0.000
 131   677   0   0  12   0    0   0   0  16   0   0  97.69  98.26      -      -  0.000
 132   864   0   0   1   0    0   0   0   5   0   0  99.42  99.88      -      -  0.000
 133   690   0   0  21   0    0   0   0 102   0   0  87.12  97.05      -      -  0.000
 134   756   0   0   0   0    0   0   0   1   0   0  99.87 100.00      -      -  0.000
 135   660   0   0   0   0    0   0   0   1   0   0  99.85 100.00      -      -  0.000
 136   694   0   0   0   0    0   0   0   1   0   0  99.86 100.00      -      -  0.000
 137   727   0   0   0   0    0   0   0   1   0   0  99.86 100.00      -      -  0.000
 138   738   0   0   1   0    0   0   0   2   0   0  99.73  99.86      -      -  0.000
 139   600   0   0   0   0    0   0   0   1   0   0  99.83 100.00      -      -  0.000
 140   713   0   0   0   0    0   0   0   2   0   0  99.72 100.00      -      -  0.000
 141   700   0   0   0   0    0   0   0   2   0   0  99.72 100.00      -      -  0.000
 142   599   0   0   0   0    0   0   0   1   0   0  99.83 100.00      -      -  0.000
 143   916   0   0   0   0    0   0   0   4   0   0  99.57 100.00      -      -  0.000
 144   525   0   0   0   0    0   0   0   2   0   0  99.62 100.00      -      -  0.000
 145   705   0   0   1   0    0   0   0   3   0   0  99.58  99.86      -      -  0.000
 146   764   0   0   6   0    0   0   0  30   0   0  96.22  99.22      -      -  0.000
 147   871   0   0   0   0    0   0   0   1   0   0  99.89 100.00      -      -  0.000
 148   699   0   0   2   0    0   0   0  29   0   0  96.02  99.71      -      -  0.000
 149   723   0   0   0   0    0   0   0   4   0   0  99.45 100.00      -      -  0.000
 150   810   0   0   0   0    0   0   0   1   0   0  99.88 100.00      -      -  0.000
 151   804   0   0   0   0    0   0   0   3   0   0  99.63 100.00      -      -  0.000
 152   594   0   0   0   0    0   0   0   1   0   0  99.83 100.00      -      -  0.000
 153   559   0   0   4   0    0   0   0   6   1   0  98.76  99.29   0.00      -  0.000
 154   878   0   0   2   0    0   0   0  42   0   0  95.43  99.77      -      -  0.000
 155   744   0   0   0   0    0   0   0   1   0   0  99.87 100.00      -      -  0.000
 156   865   0   0   0   0    0   0   0  17   0   0  98.07 100.00      -      -  0.000
 157   716   0   0   0   0    0   0   0   1   0   0  99.86 100.00      -      -  0.000
 158   835   0   0   0   0    0   0   0   3   0   0  99.64 100.00      -      -  0.000
 159   709   0   0   0   0    0   0   0   1   0   0  99.86 100.00      -      -  0.000
 160   656   0   0   0   0    0   0   0   3   0   0  99.54 100.00      -      -  0.000
 161   669   0   0   0   0    0   0   0   1   0   0  99.85 100.00      -      -  0.000
 162   687   0   0   0   0    0   0   0   3   0   0  99.57 100.00      -      -  0.000
 163   883   0   0   0   0    0   0   0   1   0   0  99.89 100.00      -      -  0.000
 164   870   0   0   0   0    0   0   0   2   0   0  99.77 100.00      -      -  0.000
 165   645   0   0   0   0    0   0   0   1   0   0  99.85 100.00      -      -  0.000
 166   682   0   0   0   0    0   0   0   2   0   0  99.71 100.00      -      -  0.000
 167   733   0   0   0   0    0   0   0   3   0   0  99.59 100.00      -      -  0.000
 168   830   0   0   7   0    0   0   0  30   0   0  96.51  99.16      -      -  0.000
 169   745   0   0   4   0    0   0   0  40   0   0  94.90  99.47      -      -  0.000
 170   737   0   0   0   0    0   0   0   1   0   0  99.86 100.00      -      -  0.000
 171   664   0   0   0   0    0   0   0   1   0   0  99.85 100.00      -      -  0.000
 172   860   0   0   3   0    0   0   0  20   0   0  97.73  99.65      -      -  0.000
 173   725   0   0   0   0    0   0   0   3   0   0  99.59 100.00      -      -  0.000
 174   804   0   0   0   0    0   0   0   1   0   0  99.88 100.00      -      -  0.000
 175   716   0   0   3   0    0   0   0   7   0   0  99.03  99.58      -      -  0.000
 176   685   0   0   0   0    0   0   0   3   0   0  99.56 100.00      -      -  0.000
 177   677   0   0   3   0    0   0   0  12   0   0  98.26  99.56      -      -  0.000
 178   772   0   0   1   0    0   0   0   2   0   0  99.74  99.87      -      -  0.000
 179   859   0   0   2   0    0   0   0   3   0   0  99.65  99.77      -      -  0.000
 180   879   0   0   0   0    0   0   0   5   0   0  99.43 100.00      -      -  0.000
 181   654   0   0   0   0    0   0   0   1   0   0  99.85 100.00      -      -  0.000
 182   790   0   0   0   0    0   0   0   1   0   0  99.87 100.00      -      -  0.000
 183   696   0   0   0   0    0   0   0   1   0   0  99.86 100.00      -      -  0.000
 184   601   0   0   0   0    0   0   0   1   0   0  99.83 100.00      -      -  0.000
 185   727   0   0   0   0    0   0   0   2   0   0  99.73 100.00      -      -  0.000
 186   724   0   0   0   0    0   0   0   2   0   0  99.72 100.00      -      -  0.000
 187   590   0   0   0   0    0   0   0   2   0   0  99.66 100.00      -      -  0.000
 188   793   0   1   4   0    0   0   0  46   0   1  94.41  99.50      -      -  0.000
 189   691   0   0   3   0    0   0   0  29   1   0  95.84  99.57   0.00      -  0.000
 190   692   0   0   0   0    0   0   0   6   0   0  99.14 100.00      -      -  0.000
 191   456   0   0   0   0    0   0   0   4   0   0  99.13 100.00      -      -  0.000
 192   716   0   0   0   0    0   0   0   5   0   0  99.31 100.00      -      -  0.000
 193   596   0   0   0   0    0   0   0   1   0   0  99.83 100.00      -      -  0.000
 194   840   0   0   0   0    0   0   0   1   0   0  99.88 100.00      -      -  0.000
 195   712   0   0   0   0    0   0   0   5   0   0  99.30 100.00      -      -  0.000
 196   522   0   0   0   0    0   0   0   5   0   0  99.05 100.00      -      -  0.000
 197   678   0   0   3   0    0   0   0   3   0   0  99.56  99.56      -      -  0.000
 198   677   0   0   1   0    0   0   0  22   0   0  96.85  99.85      -      -  0.000
 199   665   0   0   1   0    0   0   0   1   0   0  99.85  99.85      -      -  0.000
______________________________________________________________________________________
Sum   71670   1   1 108   0    0   0   0 738   4   1
Gross                                                   98.97  99.85   0.00      -  0.000
Average                                                 99.01  99.85   0.00      -  0.000
Total QRS complexes: 72415  Total VEBs: 5

Summary of results from 100 records
